# Round 4 Mark Taxonomy Local Summary

## Trader Ranking by t+200 Trade-Price Edge
 trader  events  products  days  buys  sells  total_qty  avg_qty  mean_edge_200  good_pct_200  qty_edge_200  mean_mid_move_200
Mark 14    2172         7     3  1127   1045       8718 4.013812       6.563996      0.966390       50220.0           0.022560
Mark 01    1843         7     3  1599    244       7428 4.030385       1.166305      0.956593       10371.5           0.030114
Mark 67     165         1     3   165      0       1510 9.151515       1.148485      0.812121        1820.0           1.945455
Mark 49     122         1     3    17    105       1186 9.721311      -1.032787      0.221311       -1385.0          -1.819672
Mark 22    1584        12     3    42   1542       5889 3.717803      -0.525253      0.042929       -3137.5          -0.131313
Mark 55    1198         1     3   598    600       6551 5.468280      -2.434891      0.055092      -15957.0           0.046745
Mark 38    1478         7     3   733    745       5000 3.382950      -8.606901      0.005413      -41932.0          -0.034844

## Top Positive Product/Side Edges
 trader             product side  events  days   avg_qty  edge_mean_200  good_pct_200  qty_edge_sum_200
Mark 14       HYDROGEL_PACK sell     507     3  4.009862       8.207101      1.000000           16864.0
Mark 14       HYDROGEL_PACK  buy     496     3  4.010081       8.115927      0.997984           16121.5
Mark 14            VEV_4000  buy     232     3  1.974138      10.215517      1.000000            4651.5
Mark 14            VEV_4000 sell     207     3  1.990338      10.381643      1.000000            4256.0
Mark 14 VELVETFRUIT_EXTRACT  buy     316     3  5.572785       2.338608      0.952532            4114.5
Mark 14 VELVETFRUIT_EXTRACT sell     331     3  5.326284       2.303625      0.921450            4042.5
Mark 01 VELVETFRUIT_EXTRACT  buy     260     3  5.450000       2.803846      0.957692            3943.0
Mark 01 VELVETFRUIT_EXTRACT sell     244     3  5.635246       2.829918      0.983607            3900.5
Mark 67 VELVETFRUIT_EXTRACT  buy     165     3  9.151515       1.148485      0.812121            1820.0
Mark 01            VEV_6000  buy     317     3  3.485804       0.500000      1.000000             552.5
Mark 01            VEV_6500  buy     317     3  3.485804       0.500000      1.000000             552.5
Mark 01            VEV_5500  buy     299     3  3.484950       0.513378      0.973244             530.0
Mark 01            VEV_5400  buy     263     3  3.463878       0.568441      0.904943             524.0
Mark 01            VEV_5300  buy     132     3  3.325758       0.742424      0.772727             328.0
Mark 14            VEV_5200  buy      33     3  3.696970       0.909091      0.818182             103.5
Mark 22 VELVETFRUIT_EXTRACT  buy      25     3  5.840000       0.340000      0.560000              63.5
Mark 14            VEV_5300  buy      30     3  3.500000       0.566667      0.566667              56.0
Mark 01            VEV_5200  buy      11     1  3.090909       1.090909      0.818182              41.0
Mark 22       HYDROGEL_PACK  buy      11     3  3.818182       0.636364      0.545455              24.5
Mark 49 VELVETFRUIT_EXTRACT  buy      17     3  6.764706       0.264706      0.588235              24.5
Mark 14            VEV_5400  buy      13     3  3.692308       0.076923      0.307692               2.5
Mark 22            VEV_5200 sell      46     3  3.456522      -0.891304      0.086957            -143.0
Mark 22            VEV_5300 sell     163     3  3.343558      -0.705521      0.018405            -384.0
Mark 22            VEV_5400 sell     276     3  3.474638      -0.545290      0.025362            -526.5
Mark 22            VEV_5500 sell     306     3  3.493464      -0.508170      0.003268            -538.0
Mark 22 VELVETFRUIT_EXTRACT sell     101     3  6.900990      -0.752475      0.227723            -542.0
Mark 22            VEV_6000 sell     317     3  3.485804      -0.500000      0.000000            -552.5
Mark 22            VEV_6500 sell     317     3  3.485804      -0.500000      0.000000            -552.5
Mark 49 VELVETFRUIT_EXTRACT sell     105     3 10.200000      -1.242857      0.161905           -1409.5
Mark 38            VEV_4000  buy     209     3  1.985646     -10.284689      0.000000           -4257.0
Mark 38            VEV_4000 sell     233     3  1.978541     -10.180258      0.000000           -4657.5
Mark 55 VELVETFRUIT_EXTRACT  buy     598     3  5.441472      -2.409699      0.063545           -7870.0
Mark 55 VELVETFRUIT_EXTRACT sell     600     3  5.495000      -2.460000      0.046667           -8087.0
Mark 38       HYDROGEL_PACK sell     507     3  4.005917      -7.953649      0.007890          -16146.0
Mark 38       HYDROGEL_PACK  buy     515     3  4.009709      -8.073786      0.005825          -16845.0

## Top Negative Product/Side Edges
 trader             product side  events  days   avg_qty  edge_mean_200  good_pct_200  qty_edge_sum_200
Mark 38       HYDROGEL_PACK  buy     515     3  4.009709      -8.073786      0.005825          -16845.0
Mark 38       HYDROGEL_PACK sell     507     3  4.005917      -7.953649      0.007890          -16146.0
Mark 55 VELVETFRUIT_EXTRACT sell     600     3  5.495000      -2.460000      0.046667           -8087.0
Mark 55 VELVETFRUIT_EXTRACT  buy     598     3  5.441472      -2.409699      0.063545           -7870.0
Mark 38            VEV_4000 sell     233     3  1.978541     -10.180258      0.000000           -4657.5
Mark 38            VEV_4000  buy     209     3  1.985646     -10.284689      0.000000           -4257.0
Mark 49 VELVETFRUIT_EXTRACT sell     105     3 10.200000      -1.242857      0.161905           -1409.5
Mark 22            VEV_6000 sell     317     3  3.485804      -0.500000      0.000000            -552.5
Mark 22            VEV_6500 sell     317     3  3.485804      -0.500000      0.000000            -552.5
Mark 22 VELVETFRUIT_EXTRACT sell     101     3  6.900990      -0.752475      0.227723            -542.0
Mark 22            VEV_5500 sell     306     3  3.493464      -0.508170      0.003268            -538.0
Mark 22            VEV_5400 sell     276     3  3.474638      -0.545290      0.025362            -526.5
Mark 22            VEV_5300 sell     163     3  3.343558      -0.705521      0.018405            -384.0
Mark 22            VEV_5200 sell      46     3  3.456522      -0.891304      0.086957            -143.0
Mark 14            VEV_5400  buy      13     3  3.692308       0.076923      0.307692               2.5
Mark 49 VELVETFRUIT_EXTRACT  buy      17     3  6.764706       0.264706      0.588235              24.5
Mark 22       HYDROGEL_PACK  buy      11     3  3.818182       0.636364      0.545455              24.5
Mark 01            VEV_5200  buy      11     1  3.090909       1.090909      0.818182              41.0
Mark 14            VEV_5300  buy      30     3  3.500000       0.566667      0.566667              56.0
Mark 22 VELVETFRUIT_EXTRACT  buy      25     3  5.840000       0.340000      0.560000              63.5
Mark 14            VEV_5200  buy      33     3  3.696970       0.909091      0.818182             103.5
Mark 01            VEV_5300  buy     132     3  3.325758       0.742424      0.772727             328.0
Mark 01            VEV_5400  buy     263     3  3.463878       0.568441      0.904943             524.0
Mark 01            VEV_5500  buy     299     3  3.484950       0.513378      0.973244             530.0
Mark 01            VEV_6000  buy     317     3  3.485804       0.500000      1.000000             552.5
Mark 01            VEV_6500  buy     317     3  3.485804       0.500000      1.000000             552.5
Mark 67 VELVETFRUIT_EXTRACT  buy     165     3  9.151515       1.148485      0.812121            1820.0
Mark 01 VELVETFRUIT_EXTRACT sell     244     3  5.635246       2.829918      0.983607            3900.5
Mark 01 VELVETFRUIT_EXTRACT  buy     260     3  5.450000       2.803846      0.957692            3943.0
Mark 14 VELVETFRUIT_EXTRACT sell     331     3  5.326284       2.303625      0.921450            4042.5
Mark 14 VELVETFRUIT_EXTRACT  buy     316     3  5.572785       2.338608      0.952532            4114.5
Mark 14            VEV_4000 sell     207     3  1.990338      10.381643      1.000000            4256.0
Mark 14            VEV_4000  buy     232     3  1.974138      10.215517      1.000000            4651.5
Mark 14       HYDROGEL_PACK  buy     496     3  4.010081       8.115927      0.997984           16121.5
Mark 14       HYDROGEL_PACK sell     507     3  4.009862       8.207101      1.000000           16864.0

## Most Recurrent Timestamp Patterns
 trader             product side  unique_timestamp_side  repeated_2plus_days  repeated_3_days
Mark 55 VELVETFRUIT_EXTRACT  buy                    586                   12                0
Mark 14       HYDROGEL_PACK sell                    498                    9                0
Mark 38       HYDROGEL_PACK  buy                    506                    9                0
Mark 55 VELVETFRUIT_EXTRACT sell                    592                    7                0
Mark 01            VEV_6000  buy                    311                    6                0
Mark 01            VEV_6500  buy                    311                    6                0
Mark 22            VEV_6000 sell                    311                    6                0
Mark 22            VEV_6500 sell                    311                    6                0
Mark 22            VEV_5500 sell                    301                    5                0
Mark 01            VEV_5400  buy                    259                    4                0
Mark 01            VEV_5500  buy                    295                    4                0
Mark 22            VEV_5400 sell                    272                    4                0
Mark 14       HYDROGEL_PACK  buy                    493                    3                0
Mark 38       HYDROGEL_PACK sell                    504                    3                0
Mark 01 VELVETFRUIT_EXTRACT sell                    242                    2                0
Mark 14 VELVETFRUIT_EXTRACT  buy                    314                    2                0
Mark 14 VELVETFRUIT_EXTRACT sell                    329                    2                0
Mark 22            VEV_5300 sell                    161                    2                0
Mark 14            VEV_4000  buy                    231                    1                0
Mark 14            VEV_4000 sell                    206                    1                0
Mark 38            VEV_4000  buy                    208                    1                0
Mark 38            VEV_4000 sell                    232                    1                0
Mark 01 VELVETFRUIT_EXTRACT  buy                    260                    0                0
Mark 01            VEV_5200  buy                     11                    0                0
Mark 01            VEV_5300  buy                    132                    0                0
Mark 14            VEV_5200  buy                     33                    0                0
Mark 14            VEV_5300  buy                     30                    0                0
Mark 14            VEV_5400  buy                     13                    0                0
Mark 14            VEV_5500  buy                      7                    0                0
Mark 22       HYDROGEL_PACK  buy                     11                    0                0
Mark 22       HYDROGEL_PACK sell                      8                    0                0
Mark 22 VELVETFRUIT_EXTRACT  buy                     25                    0                0
Mark 22 VELVETFRUIT_EXTRACT sell                    101                    0                0
Mark 22            VEV_4000  buy                      1                    0                0
Mark 22            VEV_4000 sell                      2                    0                0
Mark 22            VEV_4500  buy                      1                    0                0
Mark 22            VEV_4500 sell                      2                    0                0
Mark 22            VEV_5000  buy                      1                    0                0
Mark 22            VEV_5000 sell                      2                    0                0
Mark 22            VEV_5100  buy                      1                    0                0

## Tightest Timing Patterns
 trader             product side  day  events     mean_gap  median_gap  min_gap  max_gap      std_gap  pct_gap_le_500  pct_gap_le_1000  pct_gap_le_5000
Mark 55 VELVETFRUIT_EXTRACT  buy    1     186  5307.567568      3300.0    100.0  37500.0  5847.997337        0.064865         0.216216         0.648649
Mark 55 VELVETFRUIT_EXTRACT  buy    2     218  4572.350230      3300.0    100.0  22500.0  4302.214170        0.129032         0.211982         0.649770
Mark 38       HYDROGEL_PACK  buy    2     165  5987.804878      3600.0    100.0  28700.0  6439.913695        0.115854         0.207317         0.615854
Mark 14       HYDROGEL_PACK sell    2     161  6131.250000      3650.0    100.0  28700.0  6478.898380        0.118750         0.200000         0.600000
Mark 14       HYDROGEL_PACK sell    1     187  5266.666667      4050.0    100.0  30000.0  5114.744628        0.118280         0.193548         0.575269
Mark 38       HYDROGEL_PACK  buy    1     189  5216.489362      3850.0    100.0  30000.0  5096.050102        0.117021         0.191489         0.579787
Mark 38       HYDROGEL_PACK sell    3     175  5622.413793      3600.0    100.0  31800.0  6222.865995        0.103448         0.189655         0.609195
Mark 14       HYDROGEL_PACK  buy    3     171  5754.705882      3600.0    100.0  31800.0  6315.146269        0.100000         0.188235         0.600000
Mark 55 VELVETFRUIT_EXTRACT  buy    3     194  5113.471503      3500.0    100.0  30200.0  5175.284299        0.119171         0.181347         0.637306
Mark 55 VELVETFRUIT_EXTRACT sell    3     209  4702.884615      3000.0      0.0  27900.0  4739.941432        0.086538         0.177885         0.634615
Mark 14       HYDROGEL_PACK  buy    1     183  5308.791209      4150.0    100.0  22600.0  4635.358899        0.104396         0.175824         0.582418
Mark 38       HYDROGEL_PACK sell    1     186  5222.702703      3900.0    100.0  22600.0  4600.640698        0.102703         0.172973         0.600000
Mark 14 VELVETFRUIT_EXTRACT sell    1      97  9590.625000      5100.0    100.0  57600.0 11589.369704        0.041667         0.166667         0.489583
Mark 55 VELVETFRUIT_EXTRACT sell    2     193  5176.041667      3650.0    100.0  27900.0  5115.723525        0.072917         0.161458         0.651042
Mark 55 VELVETFRUIT_EXTRACT sell    1     198  4958.375635      3300.0    100.0  25500.0  4980.112838        0.081218         0.157360         0.654822
Mark 14 VELVETFRUIT_EXTRACT sell    3     116  8581.739130      7000.0    100.0  33900.0  7993.589346        0.086957         0.156522         0.452174
Mark 14 VELVETFRUIT_EXTRACT sell    2     118  8480.341880      5600.0    100.0  38300.0  8311.595964        0.102564         0.153846         0.487179
Mark 49 VELVETFRUIT_EXTRACT sell    1      34 29581.818182     17900.0      0.0 125300.0 30366.752528        0.060606         0.121212         0.212121
Mark 14            VEV_4000  buy    3      77 12773.684211      8700.0    200.0  45800.0 11675.699761        0.039474         0.118421         0.342105
Mark 38       HYDROGEL_PACK sell    2     146  6802.068966      5000.0    100.0  39400.0  6441.709454        0.062069         0.117241         0.503448
Mark 38            VEV_4000 sell    3      78 12607.792208      8600.0    200.0  45800.0 11647.676143        0.038961         0.116883         0.350649
Mark 14 VELVETFRUIT_EXTRACT  buy    1     114  8604.424779      5500.0    100.0  42800.0  8724.589526        0.070796         0.115044         0.495575
Mark 38       HYDROGEL_PACK  buy    3     161  6175.000000      4850.0    100.0  41900.0  5514.463544        0.081250         0.112500         0.512500
Mark 01 VELVETFRUIT_EXTRACT  buy    2      91 10914.444444      7100.0    100.0  59800.0 11083.336628        0.066667         0.111111         0.377778
Mark 14            VEV_5200  buy    3      19 43300.000000     23650.0    500.0 154500.0 47777.511323        0.055556         0.111111         0.166667
Mark 14       HYDROGEL_PACK  buy    2     142  6995.035461      5100.0    100.0  39400.0  6581.080309        0.056738         0.106383         0.496454
Mark 01            VEV_6000  buy    3     124  7839.024390      5100.0    100.0  46000.0  7940.997936        0.073171         0.105691         0.495935
Mark 01            VEV_6500  buy    3     124  7839.024390      5100.0    100.0  46000.0  7940.997936        0.073171         0.105691         0.495935
Mark 22            VEV_6000 sell    3     124  7839.024390      5100.0    100.0  46000.0  7940.997936        0.073171         0.105691         0.495935
Mark 22            VEV_6500 sell    3     124  7839.024390      5100.0    100.0  46000.0  7940.997936        0.073171         0.105691         0.495935
Mark 01            VEV_5500  buy    3     119  8171.186441      5200.0    100.0  46000.0  8211.094243        0.076271         0.101695         0.474576
Mark 14       HYDROGEL_PACK sell    3     159  6253.164557      4950.0    100.0  41900.0  5570.151010        0.075949         0.101266         0.506329
Mark 14 VELVETFRUIT_EXTRACT  buy    3     110  8869.724771      6100.0    200.0  36200.0  8593.025861        0.027523         0.100917         0.422018
Mark 22            VEV_5500 sell    3     120  8102.521008      5300.0    100.0  46000.0  8030.318209        0.075630         0.100840         0.470588
Mark 01            VEV_5500  buy    2      91 10896.666667     10600.0    200.0  39300.0  8787.458504        0.055556         0.100000         0.366667
Mark 14 VELVETFRUIT_EXTRACT  buy    2      92 10759.340659      6200.0    200.0  44900.0 10652.730250        0.032967         0.098901         0.439560
Mark 22            VEV_5500 sell    2      94 10545.161290      9300.0    200.0  39300.0  8453.948346        0.053763         0.096774         0.354839
Mark 22            VEV_5400 sell    3     115  8457.894737      5500.0    100.0  52300.0  8554.654012        0.061404         0.096491         0.456140
Mark 01            VEV_6000  buy    2      95 10432.978723      8850.0    200.0  39300.0  8254.804900        0.053191         0.095745         0.351064
Mark 01            VEV_6500  buy    2      95 10432.978723      8850.0    200.0  39300.0  8254.804900        0.053191         0.095745         0.351064
